$MeshFormat
4.1 0 8
$EndMeshFormat
$PhysicalNames
4
2 1 "RightFace"
2 3 "LeftFace"
3 2 "RightBody"
3 4 "LeftBody"
$EndPhysicalNames
$Entities
12 20 11 2
1 -1 -1 0 0 
2 1 -1 0 0 
3 1 1 0 0 
4 -1 1 0 0 
5 -1 -1 2 0 
6 1 -1 2 0 
7 1 1 2 0 
8 -1 1 2 0 
9 -1 -1 -2 0 
10 1 -1 -2 0 
11 1 1 -2 0 
12 -1 1 -2 0 
1 0 0 0 0 0 0 0 2 1 -2 
2 0 0 0 0 0 0 0 2 2 -3 
3 0 0 0 0 0 0 0 2 3 -4 
4 0 0 0 0 0 0 0 2 4 -1 
5 0 0 0 0 0 0 0 2 1 -5 
6 0 0 0 0 0 0 0 2 2 -6 
7 0 0 0 0 0 0 0 2 5 -6 
8 0 0 0 0 0 0 0 2 3 -7 
9 0 0 0 0 0 0 0 2 6 -7 
10 0 0 0 0 0 0 0 2 4 -8 
11 0 0 0 0 0 0 0 2 7 -8 
12 0 0 0 0 0 0 0 2 8 -5 
13 0 0 0 0 0 0 0 2 1 -9 
14 0 0 0 0 0 0 0 2 2 -10 
15 0 0 0 0 0 0 0 2 9 -10 
16 0 0 0 0 0 0 0 2 3 -11 
17 0 0 0 0 0 0 0 2 10 -11 
18 0 0 0 0 0 0 0 2 4 -12 
19 0 0 0 0 0 0 0 2 11 -12 
20 0 0 0 0 0 0 0 2 12 -9 
1 0 0 0 0 0 0 0 4 1 2 3 4 
2 0 0 0 0 0 0 0 4 5 7 -6 -1 
3 0 0 0 0 0 0 0 4 6 9 -8 -2 
4 0 0 0 0 0 0 0 4 8 11 -10 -3 
5 0 0 0 0 0 0 0 4 10 12 -5 -4 
6 -1 -1 2 1 1 2 1 1 4 7 9 11 12 
7 0 0 0 0 0 0 0 4 13 15 -14 -1 
8 0 0 0 0 0 0 0 4 14 17 -16 -2 
9 0 0 0 0 0 0 0 4 16 19 -18 -3 
10 0 0 0 0 0 0 0 4 18 20 -13 -4 
11 -1 -1 -2 1 1 -2 1 3 4 15 17 19 20 
1 -1 -1 0 1 1 2 1 2 6 2 3 4 5 1 6 
2 -1 -1 -2 1 1 0 1 4 6 7 8 9 10 1 11 
$EndEntities
$Nodes
17 15 1 15
0 1 0 1
1
-1 -1 0
0 2 0 1
2
1 -1 0
0 3 0 1
3
1 1 0
0 4 0 1
4
-1 1 0
0 5 0 1
5
-1 -1 2
0 6 0 1
6
1 -1 2
0 7 0 1
7
1 1 2
0 8 0 1
8
-1 1 2
0 9 0 1
9
-1 -1 -2
0 10 0 1
10
1 -1 -2
0 11 0 1
11
1 1 -2
0 12 0 1
12
-1 1 -2
2 1 0 1
13
0 0 0
2 6 0 1
14
0 0 2
2 11 0 1
15
0 0 -2
3 1 0 0
3 2 0 0
$EndNodes
$Elements
4 24 1 24
2 6 2 4
1 6 14 5 
2 5 14 8 
3 7 14 6 
4 8 14 7 
2 11 2 4
5 10 9 15 
6 9 12 15 
7 11 10 15 
8 12 11 15 
3 1 4 12
9 1 2 13 14 
10 6 5 14 2 
11 2 1 5 14 
12 4 1 13 14 
13 5 8 14 4 
14 5 4 14 1 
15 2 3 13 14 
16 7 6 14 2 
17 7 2 14 3 
18 3 4 13 14 
19 8 7 14 3 
20 8 3 14 4 
3 2 6 4
21 2 1 13 10 9 15 
22 1 4 13 9 12 15 
23 3 2 13 11 10 15 
24 4 3 13 12 11 15 
$EndElements
$Periodic
16
0 5 1
0
1
5 1
0 6 2
0
1
6 2
0 7 3
0
1
7 3
0 8 4
0
1
8 4
0 9 1
0
1
9 1
0 10 2
0
1
10 2
0 11 3
0
1
11 3
0 12 4
0
1
12 4
1 7 1
0
0
1 9 2
0
0
1 11 3
0
0
1 12 4
0
0
1 15 1
0
0
1 17 2
0
0
1 19 3
0
0
1 20 4
0
0
$EndPeriodic
